4.826536875777748 1.4733438557197494 1
9.6337145420831831 1.539350269427846 1
13.243867854226705 1.707928531873901 1
16.578692760749004 1.7409130220874585 1
19.172663757246834 3.3126655884563565 1
20.835469426303838 6.3144218766901998 1
21.165463430932999 9.5153326402872516 1
21.550234552982033 12.373693019529178 1
21.632370982748068 15.094221195900978 1
20.101781447107967 17.881442215154486 1
18.087246311009224 19.636150864775878 1
15.691765119883346 19.908872525922785 1
13.332640361039484 18.464221816350193 1
12.116713804346924 17.032746554098424 1
10.671320397239757 14.438811283105734 1
9.7121110660662815 11.224013927760442 1
8.0089558312308391 8.68966248951903 1
5.5925260857534376 7.0282766060048232 1
3.4153945116426505 6.0525785900233871 1
-3.7959909328116077 9.5705574534033158 1
-5.8257559366375169 10.862835288280174 1
-7.9062119358861276 11.579235601980338 1
-10.301722946562514 10.577656053260135 1
-11.70115753248302 9.0862934320079418 1
-12.311042414797958 6.5345420489640631 1
-11.95416697777253 4.4156722863472648 1
-10.247184265334898 2.1558470685204565 1
-6.6854142542089523 0.7374014889820244 1
-2.7009480979207665 0.81493136166684699 1
-0.71660738230091781 0.94494813882138473 1
1.8136715616677053 1.0850382962763212 1
4.8744400139285817 1.4783249137891425 1
2.991528027235189 -1.6661911813418679 2
6.2353635033837556 -1.6101721226766916 2
10.027963994312783 -1.4571853988903878 2
13.915278385947495 -1.6085548862024288 2
17.406429867317705 -1.0437325321981443 2
20.23365271950113 0.18214620244462498 2
22.65020624164195 2.6627735847047873 2
23.73582282529739 5.1792649654936556 2
24.222855537905165 8.1671364485094298 2
24.512133641908168 10.958182380902429 2
24.76519215164647 14.334568083430225 2
24.042021703525361 17.849518740486001 2
22.652214904195855 20.23792816468703 2
20.437823482520226 21.91908337614343 2
17.445696212052567 22.849613777566983 2
15.090812378904761 23.157432725838895 2
12.759334547199863 22.387855100690832 2
10.039100780588214 20.648898472338967 2
8.4300838693161761 17.544196302569059 2
7.3773146362378457 14.392948354570587 2
6.6200199331776499 12.1615203038912 2
4.9565609725316033 10.485504664652018 2
2.7749841027396762 9.9945556562943612 2
0.46459534465194885 10.317832316997439 2
-2.5454502933550351 14.284076167940501 2
-4.5976170400447041 15.19936020331213 2
-7.7854421957427391 15.014917733895736 2
-10.657838992963899 14.133602295645362 2
-12.887885052904968 12.718610593878903 2
-14.309585348557604 10.79916867727124 2
-15.427888741077517 7.726991206052058 2
-15.084829963009316 4.7743927081061166 2
-13.561968283042086 1.1979001112624279 2
-10.882009698702836 -1.3323577094718466 2
-7.6205112856869421 -2.0243641750422219 2
-4.5039984213866173 -2.1555868431930052 2
-0.7695930243435698 -2.0776228173262985 2
3.0190857147051235 -1.6825314193552994 2
6.2590367329826098 -1.6185406831963596 2
