4.7424136060649378 1.4857529662810369 1
9.2672801522071797 1.3751539044736567 1
13.134194086841475 1.4044289860191173 1
16.490383761187022 1.3388176867603632 1
19.10449119500813 2.8893009784771642 1
20.802228032193412 5.8490005293797847 1
21.157719998254468 8.9997106382956673 1
21.525138175929548 11.63507276454288 1
21.719786990078113 14.507508846521461 1
20.177663893447374 17.324329776182239 1
18.289838442246154 18.892865308339147 1
15.803316235457798 19.145681142821712 1
13.552296874906961 17.945015608657496 1
12.395324408488563 16.746750266660669 1
10.824476842446142 14.214950208565259 1
9.6223309535266743 10.601593464818743 1
8.0399828390315324 8.5679166740529364 1
5.5750560012821939 6.9720530984737037 1
3.4059097752280327 6.0506897099042654 1
0.87317311162135147 5.7191059208734867 1
-2.2490321949149572 7.6649535766538301 1
-4.3164146696251091 9.8345890027065348 1
-6.0196050344826473 11.275525393708204 1
-7.949679756305958 11.345139953088424 1
-10.346205907099954 10.384874166100484 1
-11.84756376054075 8.9205633111535825 1
-12.479498031492238 6.426572968788677 1
-12.155054161313632 4.3417855137581967 1
-10.51427615691507 2.1209719507380425 1
-7.0519035419062535 0.72599672254369563 1
-3.1242703625220072 0.74887121611125429 1
-0.9851449940965149 0.77233701402937416 1
1.4672438697760009 0.84821187272610865 1
4.7375526989286811 1.471823506943515 1
2.8314587404054157 -1.6288400759078516 2
6.0258503739825784 -1.654681436810046 2
9.7771751028127643 -1.6374443093079456 2
13.627315333049046 -1.9481358719186017 2
17.135599077751902 -1.5337645964731448 2
20.009427269700112 -0.47276012544168355 2
22.548158232275206 2.0084725858732235 2
23.71179925419446 4.6367541276327566 2
24.29406327152584 7.5787546520824352 2
24.524718979312194 10.198877820533609 2
24.730583894528429 13.29925717430935 2
24.27746003368534 17.29669025703306 2
22.830030962526941 19.743081732310959 2
20.581149288485985 21.027785397654739 2
17.724499390479473 22.404550018523587 2
15.44038325997148 22.677832606124504 2
12.337593009803676 21.985737548438834 2
10.364475647778367 20.295020503702951 2
8.7508364640295184 17.337812837949919 2
7.6169755601396929 14.217853321902522 2
6.3751031804105622 12.141581762525872 2
5.045489156983038 10.725639062284275 2
2.8556855751438102 9.9551769584984129 2
0.46777742413340651 10.131964403284455 2
-2.3346817823468933 14.063687952296844 2
-4.6205206306487883 14.889474319637353 2
-8.1589809631116434 14.764093188631755 2
-12.134272080053998 13.777779587312166 2
-15.58740575928601 10.302570348348159 2
-16.368984867776067 7.1360415842454605 2
-16.256132710517406 4.3736684206430052 2
-15.556758621796211 2.3230184290628348 2
-14.125593196581631 0.39531256560271988 2
-11.308000852293345 -1.3991477743866696 2
-8.0358611070799846 -2.1178862817881328 2
-4.9191302413597171 -2.2785848829909279 2
-1.2128123350493083 -2.2700305768187397 2
2.8708563790791475 -1.6598009671428233 2
6.0223907437523785 -1.6741985371254546 2
