5.0093824455765734 0.98415574927339311 1
9.5306020159819447 0.62685966425512885 1
13.397032020225732 0.44418558293570243 1
16.75225364557258 0.19991994074808916 1
19.487246328131555 1.543018488590775 1
21.426133704581666 4.3470919754059869 1
22.039986669157113 7.4840347185468854 1
22.74996446974346 10.276024392670029 1
23.019420848619895 13.031074841678146 1
21.640536841851315 15.935674883188947 1
19.929482127862407 17.888231945949197 1
17.49778868822785 18.374625435784257 1
15.051081271710046 17.251377347082869 1
13.668275008960878 15.846510905896956 1
12.073010311391418 13.389486626769088 1
10.394977910388304 10.599077171562165 1
8.2305932209918318 8.9966435633107622 1
6.074360530077497 7.6725403159294085 1
3.8932201891469593 7.031028629453024 1
1.8981689382313518 7.5712081180748241 1
-0.48754879165089893 8.3763397698207331 1
-2.3980125363112159 9.8296904600683011 1
-4.2010804466428446 11.196352925441502 1
-6.8187835848853018 12.013890107270534 1
-9.3674767973980337 11.462536234085814 1
-10.912441411605641 10.092797888858948 1
-11.832511880588033 7.6080773565640039 1
-11.670080158930563 5.5067056517425534 1
-10.163734917192949 3.0246091330274281 1
-6.7005979310498063 1.29597387064402 1
-2.6994697262674112 1.0248305286567061 1
-0.60675555933453595 0.89100011010380253 1
1.8390831053915702 0.81682255755596478 1
5.0436178879972928 0.97524041670219108 1
2.8968964524018643 -1.9859972319011538 2
6.1449419401692342 -2.213828693187454 2
9.9493311275438536 -2.3887509671043681 2
13.773968298935037 -2.9089235085652341 2
17.298629221579468 -2.6668027299558332 2
20.22419856349962 -1.6926164559817733 2
22.85046859574436 0.51681384967397159 2
24.180188039946927 2.9903022034703701 2
24.970179967510187 5.8772147581306715 2
25.494914027314231 8.6439013014715673 2
26.059546930012537 11.991229570893118 2
25.623342090971889 15.562089064183064 2
24.437590275145297 18.058854200000514 2
22.356677901892507 19.945380636979884 2
19.517151663400835 21.113625956544048 2
17.320504979605175 21.639349785624294 2
14.034785378732298 21.146967510290892 2
11.907306684411292 19.659488685126991 2
10.022669760829498 16.70978526247271 2
8.6996909047994411 13.628634626270058 2
6.9274502521872714 11.930590811489498 2
5.6068865953206792 11.137943535851166 2
3.7874952132359834 10.810574669197297 2
2.0724644806798995 11.36959364329906 2
0.10930502472606674 12.504775940582395 2
-1.1036423848538224 14.554095123549043 2
-3.3167965262857551 15.556020267652361 2
-6.8490680819089498 15.660126714261374 2
-10.896000065437313 14.874243056006936 2
-14.538153786320386 11.624545992052692 2
-15.541267385988608 8.4882785805448684 2
-15.67309945840981 5.7240522376368741 2
-15.063866497152681 3.6754198621813199 2
-13.808755328859011 1.6991100570840625 2
-11.18415558470427 -0.31889784285934786 2
-7.9599845512229459 -1.3670004794630697 2
-4.8830396503347178 -1.7680668871196383 2
-1.1501812389687074 -2.0414392403389865 2
2.9230441623231505 -2.0081991980012006 2
6.1472178741348866 -2.2270322371407061 2
