4.438796382430036 1.7210886418447409 1
7.6651625899629616 2.0624443273798052 1
11.318343746964693 2.4529736035128953 1
14.063395521676576 2.7438276313945842 1
17.180928300943897 3.2232777481132571 1
19.506014164677268 5.6028668158044947 1
21.125181690784867 8.759809209406912 1
21.203879747613655 11.556642326875947 1
20.539463423802182 14.40979756373374 1
19.267436284153113 16.65511825891959 1
16.802626810344144 18.208751056858883 1
14.328724652850935 19.11289799900409 1
11.27657294326127 19.226955033265927 1
8.0240430122019752 18.418007458653925 1
5.2267032578074826 16.705956793533616 1
2.5502803337756546 17.071002044500865 1
-0.18376388705848634 18.367227706711581 1
-3.9212019049951743 17.742498603316946 1
-6.6614129663024837 15.942644359213826 1
-8.1930128711219563 12.592625026075426 1
-8.6283481187146212 9.9876066706166107 1
-7.8857693931026791 6.4800636622011938 1
-5.5024588186922587 2.9836462044085308 1
-2.5916517463457955 1.3092538762792083 1
0.5638375661925259 1.2275908515099445 1
4.4426688335374562 1.7213834068104521 1
7.6671844861417675 2.0605074051755898 1
5.0704101250750053 -1.3827451138169111 2
8.603007316079136 -1.0628803633025183 2
12.175650407802198 -0.73249011948256404 2
14.862496832022497 -0.44485621671718434 2
18.527929369093364 0.21148164549809967 2
21.55718361252675 2.3627787661993391 2
23.215590172958144 4.8772859978045444 2
24.030900151933441 8.2964846051349372 2
24.094652097067829 12.555052371160563 2
23.29887839452169 16.164680193388357 2
20.757531356759326 19.756062095982006 2
17.306699660335763 21.285424552832755 2
12.908753955155648 22.264784760686737 2
8.8147760516613332 21.545810835806652 2
6.1104008632023952 20.432639110782493 2
3.3741567976899134 20.053354556119224 2
-0.21921034769094083 21.136474680814288 2
-4.3264933805669159 20.693994436892549 2
-7.9839307905922752 18.968684101482552 2
-10.374845809069686 15.933593684982204 2
-11.332278487490173 12.305809246134 2
-11.732036484936025 8.0241146229871561 2
-10.550713833936136 4.6117339261268295 2
-8.9163802479997276 2.1319721796263522 2
-6.921510317938135 -0.25112710381746517 2
-3.9964571254942576 -1.7745699646006661 2
-0.22516892154455781 -2.0947373548902761 2
