3.022595887748861 1.6442886344940049 1
6.7564968691454119 1.987004940982225 1
9.4902735462363239 2.1909441047035862 1
12.738221118401462 2.7320088339099131 1
15.034672152358992 4.9004299396546394 1
16.621077179847408 7.9989196529665811 1
16.775675962300294 10.814822123239558 1
16.193621223138823 13.715419693197333 1
14.972452779053571 15.98477738654497 1
12.710052651848207 17.574875454987758 1
10.261536117832941 18.53677637489524 1
7.2483071855931893 18.78371629657677 1
3.9236342127527206 18.045179159642259 1
1.1649056285289423 16.874551644992813 1
-1.5882291994946254 17.105520755913219 1
-4.811009083881034 17.543695181410012 1
-8.0878037044305202 17.014761573715354 1
-10.996561535990841 15.895388266444209 1
-12.528119704418629 12.652576221898766 1
-13.10079656987986 9.9925268689825373 1
-12.441096604779585 6.4980651597522403 1
-10.183418456880094 3.0635094331420891 1
-7.3279519106514339 1.2032808964516881 1
-4.1737066778027927 1.0378444823064366 1
-0.12083190899648355 1.3269301538962213 1
3.0024066060667316 1.6318330897032942 1
3.9347677644557359 -1.4376766650187782 2
7.5446668227410232 -1.201132998006355 2
10.182762519583667 -1.0290422088087277 2
13.855869367170191 -0.47765561960325831 2
16.960129576164366 1.6018910182122792 2
18.669997246001728 4.0654206608729657 2
20.828390709486765 8.4384266693123671 2
20.452296484860533 13.147770361251322 2
19.155571336499673 15.315527823932664 2
16.665456392928096 19.007597743468281 2
13.844430460157342 20.94454637400473 2
10.865257953804999 21.652532975815006 2
7.2492764065719317 21.849532731242437 2
3.7196637873161347 21.309191541844669 2
-0.30863939956173514 20.733985224627151 2
-4.1634174168476381 20.987178725117602 2
-8.4815085098451597 20.575725109509449 2
-12.12751155753719 18.997380049070479 2
-14.612407649428679 16.094583046626987 2
-16.725188792244715 11.987890353637887 2
-16.262169562514224 8.2215372066247721 2
-15.1798400645163 4.7370994584641863 2
-13.637613044699327 2.1992408404661838 2
-11.703596599282122 -0.24711823439229308 2
-8.8497503768802712 -1.8377335882794614 2
-5.1217206623331535 -2.2598237603186204 2
0.20849666029091063 -1.7842049364290382 2
3.9092644832472914 -1.4346004572857556 2
7.5215296566867806 -1.2028934868512544 2
