4.9345749499481073 1.6281911071720143 1
8.5634102985352438 1.7092978847055931 1
11.274984427566592 1.8800884552390709 1
13.785864471240384 1.9965226539781928 1
16.555047069744127 2.64377271466986 1
18.655593546676453 3.8389501057014583 1
20.339973529683501 5.7410435123844294 1
21.226268889526231 7.8326562556881765 1
21.453199259468743 10.630601408791323 1
20.76580610160687 12.772165065004057 1
19.49170596959565 14.608968355474911 1
17.368491492975409 16.216116455306221 1
15.326408805527908 17.078993995881415 1
11.559828650533095 16.640188377943524 1
7.2980593713594901 16.716958714069516 1
2.8422866067345214 16.550126905224346 1
-1.4414405971003039 16.623137613800282 1
-5.1065526429870873 15.451781332337525 1
-7.7945740361432838 12.769388273907659 1
-8.7245163365315488 9.9951913932452214 1
-8.6794057704798426 7.4011967919304764 1
-7.6961818306449192 4.8072317305097663 1
-5.9467214255858227 3.0673730377787507 1
-3.7030313727506856 1.8694758039482327 1
-1.1602248388834866 1.4662253341739468 1
1.3620393627347986 1.4611669628656463 1
4.9521666638972466 1.6273898522043846 1
4.9959753958678057 -1.3795977301977389 2
8.6618750860852494 -1.2226548484792976 2
11.335554068053085 -1.1434099559127682 2
13.776793391346951 -1.0528200956824707 2
17.518099817730537 -0.57956385861759763 2
20.250922479383117 0.63728244577581428 2
22.241055463782637 2.1677309553209385 2
23.777247505628328 4.7538633568896032 2
24.540809200387525 7.1618484251696817 2
24.746246123584161 10.451650515974586 2
23.896920490942975 13.775710707003602 2
22.394911910563675 16.482149074998418 2
20.089122259763869 18.437514042161588 2
17.849418470092015 19.631005430917838 2
15.504523337459988 20.12397389400958 2
11.589998102578287 20.011146751499432 2
7.1827792034568816 19.865793650420304 2
2.6699071342886045 19.676789381283882 2
-1.486818478550429 19.542583406904257 2
-5.4277630896274793 18.806479404373935 2
-8.2395931491989653 17.084008265174429 2
-10.103706289341435 14.666460420102588 2
-11.346977808255829 11.456252681664063 2
-11.727688825608833 8.3014333570672907 2
-11.580131848561543 4.5873786686195448 2
-10.453088795446668 1.8409382408257051 2
-9.1647684793941053 0.17695240788081978 2
-7.1274831707648278 -0.70224970094373251 2
-4.3119503167372315 -1.3344010862463995 2
-1.1326493921663026 -1.6109302540272932 2
5.0022136183937107 -1.3812472733590619 2
